12 9
13 9
18 9
21 10
24 10
26 11
33 13
39 13
46 15
57 15
63 15
68 17
74 17
79 17
80 17
82 17
83 17
84 17
87 17
89 17
90 17
91 17
92 17
94 17
95 17
96 17
99 17
104 17
107 17
116 17
122 17
130 17
138 17
149 17
159 18
168 20
177 23
184 25
191 28
198 31
199 33
204 35
206 37
208 41
208 43
210 47
211 53
211 58
211 65
211 72
211 77
211 84
211 91
211 96
211 101
209 105
207 111
203 117
198 120
195 123
191 125
187 127
180 131
172 134
166 135
160 137
150 140
143 143
135 143
129 145
122 145
118 147
113 147
107 147
104 147
99 147
98 147
96 147
94 147
91 144
87 138
80 129
78 123
74 114
70 100
61 82
47 58
35 37
27 27
22 19
18 13
15 9
11 4
10 2
10 -1
9 -2
8 -3
8 -4
7 -5
7 -6
5 -6
4 -6
3 -6
2 -6
0 -5
-1 -2
-2 0
-2 5
-4 11
-4 19
-3 27
4 36
14 51
20 62
27 71
36 80
41 87
47 96
55 106
59 112
66 120
72 127
75 130
80 133
85 136
87 137
90 138
92 139
97 140
101 140
107 140
114 140
121 140
126 140
134 140
142 140
149 138
154 135
160 133
163 131
165 131
168 128
170 126
170 125
172 119
172 114
172 110
172 102
172 95
172 85
172 73
168 60
166 49
162 38
157 30
153 21
152 18
149 16
148 14
146 13
146 12
145 12
143 12
139 12
135 12
126 12
116 12
106 15
93 19
83 22
74 26
67 30
62 34
60 36
56 40
55 46
53 51
53 60
53 70
53 78
53 91
54 102
58 113
62 122
64 128
68 134
72 137
76 141
78 143
79 143
83 145
90 147
97 148
107 149
114 150
121 151
127 151
134 153
143 155
148 157
153 160
156 161
158 163
160 165
162 167
164 171
164 172
164 177
164 180
164 183
164 188
164 191
164 192
164 194
163 196
160 197
155 201
152 202
146 204
144 205
136 207
133 208
128 208
122 208
116 208
111 208
107 208
102 208
97 205
94 204
88 200
84 198
80 192
77 189
71 185
68 182
61 177
54 169
47 163
45 155
39 144
35 134
33 129
33 124
31 118
31 110
28 98
28 89
28 78
28 70
28 68
29 63
35 59
39 57
46 55
54 53
62 51
70 49
75 47
79 47
82 45
85 45
88 45
91 45
94 45
96 45
100 47
104 51
108 55
115 64
124 74
129 80
135 89
140 95
144 101
146 106
149 110
152 115
153 117
154 121
156 124
157 127
157 130
159 133
159 136
161 139
161 141
161 146
161 149
161 150
161 153
161 156
161 159
161 160
161 161
161 164
161 167
161 169
161 170
159 174
158 176
154 177
151 179
148 181
145 181
140 182
136 184
131 184
128 186
122 188
119 188
114 188
108 188
103 188
99 188
95 188
92 188
89 188
83 188
78 185
74 181
67 178
63 174
60 171
55 166
49 162
45 158
44 157
40 153
38 150
36 148
34 143
31 141
30 138
28 136
27 135
26 134
24 133
24 131
24 130
24 129
23 129
23 128
22 128
20 128
19 127
18 127
15 127
14 127
12 127
11 126
10 126
8 124
2 122
-1 117
-6 112
-10 106
-13 99
-16 94
-19 87
-22 82
-26 71
-29 64
-32 58
-34 50
-36 43
-38 40
-38 37
-38 34
-38 31
-38 29
-38 26
-38 25
-38 24
-38 23
-37 19
-37 14
-34 10
-32 7
-30 4
-29 0
-27 -1
-25 -3
-23 -5
-19 -6
-17 -6
-12 -8
-9 -8
-6 -10
-3 -10
0 -10
3 -11
6 -11
9 -11
12 -11
14 -13
17 -13
22 -13
27 -13
30 -13
35 -13
40 -13
44 -13
47 -13
52 -13
57 -13
60 -12
66 -10
74 -8
80 -6
89 -4
94 -2
103 0
106 2
107 2
110 2
112 2
117 5
120 7
123 8
129 10
139 13
143 16
150 19
159 24
166 27
176 32
184 36
189 41
198 45
204 49
208 55
213 60
217 69
223 75
226 82
229 87
230 93
231 96
231 99
231 104
231 109
231 113
231 117
231 123
231 131
231 136
228 145
225 152
222 159
217 168
213 174
212 177
208 183
201 192
196 199
191 206
184 215
181 220
178 224
175 228
173 229
172 232
171 233
170 235
169 237
167 238
166 238
164 240
162 241
161 241
158 242
155 242
154 242
153 242
151 242
150 242
149 242
148 242
145 242
142 242
137 241
130 238
125 233
119 227
113 218
102 208
95 198
85 186
76 174
68 164
61 153
53 140
47 130
40 119
33 109
27 101
23 92
22 88
19 81
17 75
15 69
13 63
12 59
11 55
11 53
11 50
11 49
11 46
13 42
15 41
19 38
25 37
31 35
40 32
45 31
49 29
54 25
57 23
63 21
66 20
68 20
71 18
74 18
75 18
78 18
79 18
82 18
87 18
92 25
97 31
103 39
107 45
111 51
114 56
118 62
119 62
120 64
120 65
121 65
121 66
121 67
121 70
121 71
119 75
116 79
114 82
110 85
109 88
107 90
106 91
104 92
103 93
101 93
99 93
99 94
98 95
97 95
95 95
93 93
